# homing configuration

[homing_pos]
SpL = -0.011700
SrL = -0.016687
SwL = -0.055432
EpL = -1.553052
WwL = 0.043540
WpL = 7.790964
WrL = -2.228209

[pp_defaults]
speed        = 2.5
acceleration = 1.0
deceleration = 1.0
torque_limit = 15.0
