# homing configuration

[homing_pos]
SpR = -0.058884
SrR = -0.045458
SwR = 0.013618
EpR = 1.471727
WwR = -0.015153
WpR = -1.478632
WrR = -2.228593

[pp_defaults]
speed        = 2.5
acceleration = 1.0
deceleration = 1.0
torque_limit = 15.0
