# right arm homing configuration

[homing_pos]
SpR = 0.084586
SrR = -0.025894
SwR = 6.387712
EpR = -0.054281
WwR = 6.188618
WpR = 0.104534
WrR = -2.228976

[pp_defaults]
speed        = 2.50   # rad/s
acceleration = 1.0    # rad/s²
deceleration = 1.0    # rad/s²
torque_limit = 15.0   # N·m
